254585226
17300535
473321945
49386112
6878183
8006
80952994
668132
24243860
517004529
169902419
209991765
246986296
139857147
88072802
49794138
129244038
11512197
6862811
3842784
434432823
13580735
244750596
30221408
49286014
4007880
93808169
102436396
30221408
49286014
4007880
11760214
16569242
49632406
205772137
22505982
6686484
125210949
26867380
6492
9239849
98601395
1718916
236003139
49091799
327815124
1361100
39377403
22851406
19439900
164542053
666140
62896960
74849047
120588778
2394861
1309724
547260
308911931
42067701
7184223
141708874
3460930
56414432
294964372
155408201
4926666
41110630
2128351
292243967
10374507
81133993
167693353
354538089
10559979
5773947
38940203
27802750
240651878
35129518
229653216
60191386
29294398
30899239
215857269
101780487
220349311
41362423
3420
84760098
8698583
177709874
265046241
7708047
53083705
51663629
14720997
10659940
55126687
2963876
1150167
202361349
133687157
1447159
155697060
66156187
27749266
11342691
209386271
92543641
5684284
3664185
260087132
336279
5592362
222267609
79201190
12299826
225693587
30037100
67562946
243556640
30233922
74824762
33850323
38194205
113146294
178495218
53636214
238615607
9063356
347084466
17050596
146876
35340109
1858632
140223263
153162173
118862470
313130351
5592362
222267609
79201190
12299826
225693587
67562946
301419447
34581514
2645193
83782757
10637874
16971887
20020126
173725684
103405812
204618374
219183990
113146294
87800684
2677959
1784000
89929115
13082236
13605301
306406414
51044299
23086689
82318678
403657550
12472209
30942
292963385
45269508
5401645
12472209
7148238
3513794
44625516
192986648
30313225
2922104
32079140
226641
3318616
102922397
32079140
226641
3318616
102922397
249338557
176250659
221723746
72637871
2183360
12026992
3777272
204618374
219183990
150261846
53260546
157132449
19088042
32707600
314833033
1
135336811
5365218
80748910
21936134
5074235
238674377
117254531
125254232
19902804
126109056
465801259
5394141
190868
72276111
2183659
191427882
109007304
2183659
191427882
109007304
45882735
334100130
16652378
288093924
115534183
97578516
82029701
1343527
52119178
192035364
1770436
206285614
142935779
176001013
40297585
